16
275
275
107
0
1088
74
7
31
20
29
33
34
30
29
8
25
34
43
7
29
34
29
1
39
83
39
35
30
26
51
32
93
21
26
21
28
7
32
31
33
42
33
19
23
21
32
26
5
54
0
51
79
0
77
73
57
276
57
58
0
57
66
53
91
106
0
75
46
156
171
71
65
0
82
35
0
128
46
288
45
105
51
35
70
63
0
66
66
456
0
57
111
61
144
0
66
100
0
130
125
85
0
36
85
8
147
55
0
5
33
36
9
40
45
31
3
36
48
36
0
43
39
37
0
58
0
0
0
0
0
0
0
0
0
0
0
44
42
0
0
0
0
0
0
0
0
46
0
0
0
0
0
0
0
0
0
0
0
0
0
0
0
0
0
0
0
64
34
44
0
0
0
0
5
0
0
0
0
0
0
0
0
0
0
0
0
0
23
0
38
74
0
0
0
0
0
0
0
0
0
0
0
0
0
0
0
0
0
0
0
0
0
0
0
0
0
0
0
0
0
0
0
0
0
0
70
0
0
5
3
7
9
38
0
10
97
239
0
34
0
14
2
14
6
14
3
0
5
3
36
14
10
55
62
19
18
34
19
9
18
0
0
27
10
18
7
46
0
20
14
34
47
22
42
54
5
53
54
27
266
0
28
122
1
5
31
45
0
66
31
106
5
32
26
5
43
181
1
101
155
21
26
117
1
27
27
5
43
52
29
341
0
28
180
1
27
123
1
1
43
5
30
55
46
69
25
44
43
30
44
43
27
152
44
5
5
5
6
42
98
138
126
93
118
119
82
0
119
82
107
128
123
8
14
17
24
0
0
5
3
2
2
2
2
2
23
2
17
11
19
1
34
17
1
16
2
1
13
4
62
92
55
108
65
90
58
72
49
64
83
47
85
3
64
92
40
96
68
52
82
32
118
64
57
50
65
39
39
17
50
19
52
45
17
33
59
52
44
41
4
3
5
15
3
5
17
36
69
85
20
36
77
20
16
30
19
10
24
22
6
134
16
151
26
134
10
65
9
26
17
42
0
0
0
0
0
0
0
0
0
0
0
0
0
0
0
0
0
0
0
0
0
0
0
0
0
0
0
0
13
8
6
5
4
16
5
41
46
27
378
0
5
44
39
28
220
0
5
41
40
30
386
0
29
0
8
0
44
0
8
5
27
47
20
20
9
12
24
44
3
2
44
14
50
5
52
35
47
0
35
112
0
0
0
36
0
0
5
27
2
83
35
0
23
29
31
0
31
163
0
38
0
6
0
141
148
30
48
0
46
31
94
0
82
35
115
0
30
126
0
0
31
88
0
33
19
3
5
17
1
113
98
170
6
85
164
110
165
89
46
17
25
47
0
38
23
46
0
33
22
49
0
35
22
134
0
33
3
5
5
5
35
3
41
34
143
0
3
34
32
31
0
3
37
34
149
0
116
0
0
0
0
22
0
193
32
16
0
5
559
5
5
91
5
151
96
9
30
1
48
23
27
18
3
15
45
15
21
17
13
13
21
26
15
17
17
81
35
15
24
58
15
27
34
27
15
26
64
13
17
19
21
20
19
16
22
13
19
27
33
13
13
16
0
15
62
87
60
43
42
35
63
42
58
0
40
47
42
304
39
49
38
63
49
81
32
36
34
72
55
0
59
124
19
21
59
8
46
7
7
47
21
8
46
47
40
7
8
41
84
7
66
11
122
86
16
66
66
73
109
62
67
71
78
14
79
81
24
84
57
10
78
83
167
96
79
10
62
58
10
72
147
69
70
62
76
24
76
84
76
67
76
76
62
66
24
72
54
59
60
58
69
10
64
76
70
7
158
126
84
10
48
65
16
6
65
13
64
29
59
44
27
7
53
0
53
21
81
92
411
27
27
0
28
27
34
104
41
0
26
45
185
75
206
43
0
38
25
0
23
363
22
22
22
27
21
21
21
21
0
21
21
21
21
21
183
0
35
163
46
83
0
21
21
43
0
156
86
27
0
25
86
36126
